image: maze_map_20260417_103323.pgm
mode: trinary
resolution: 0.05
origin: [-32.40000000000015, -43.69999999999998, 0.0]
negate: 0
occupied_thresh: 0.65
free_thresh: 0.25
